a = 9;
b = 10;
