% 12334
% 赶紧换个
A = 9;